4783
7090
8221
7552
8874
3005
5007
8190
4293
6855
8855
1256
4436
4144
5586
1340
1501
8781
1899
1343
4105
4052
4787
7940
4299
5346
4878
2892
9658
3842
1442
3584
7890
5054
2633
9073
8408
7029
130
1924
8300
2964
5055
7065
2605
6519
2460
9962
4405
1230
2380
7764
9681
2916
1466
9013
6175
4492
1703
4805
4696
4444
1306
5311
366
888
1913
5548
6692
2506
3702
3727
9699
9348
2431
9116
5294
8148
6569
742
3363
7834
6320
653
6552
6854
22
7176
4354
7988
1596
9806
6452
3991
9908
6114
7272
7856
7676
9993
2437
2511
8769
9054
7348
601
7360
304
2706
7482
2718
6974
5571
2751
598
8238
6830
6658
8616
6751
4055
1451
5145
9659
364
3949
8534
5953
281
9318
9616
985
2834
8451
4020
9602
3098
655
9595
7380
1522
6360
620
7153
6136
7327
1394
3190
5336
3512
2911
1357
9833
6550
5569
3266
4186
9067
2151
3625
3073
5152
8528
2304
2418
294
9679
1138
595
276
6948
5043
2924
2935
1513
7249
357
1284
6933
1433
9162
2738
3171
6513
7758
7007
42
2852
6018
291
4636
5381
70
4079
1532
3267
1584
689
6334
4577
5327
9368
8753
2775
4933
6966
6159
2963
2004
4224
2497
1730
7716
6371
7734
6220
3289
44
5373
4653
8764
6829
1102
6684
3461
2520
5728
2953
7609
3711
8909
7301
7269
6768
5298
5219
5917
4516
9462
3135
2898
2225
1261
9412
3521
5190
3552
5906
777
7983
3430
9152
4633
6427
6977
8904
5179
8476
9289
5851
847
5353
1836
3660
2165
3837
3203
9050
7970
7422
2827
83
1757
7458
1361
376
4320
1333
5126
2900
6369
1771
630
5580
2864
8229
4723
7767
2710
2938
7534
2613
8783
7625
4611
2124
4822
4828
6778
7438
5924
746
8894
6146
803
7800
5787
7318
4606
6122
2650
2919
9926
8507
5386
9614
561
6511
2108
3957
5112
9367
7948
8118
8374
8215
9338
6218
458
9321
9627
2658
834
6990
2753
6554
9770
6313
2033
222
2023
7966
9460
1028
654
7239
118
1609
5750
431
6120
3271
2426
5217
5547
8820
5288
8536
5935
306
3433
772
2051
8508
715
8864
9828
8105
2103
5024
1732
6333
5247
403
6081
9558
6087
1171
6598
3997
6124
5332
8682
7340
4127
750
5273
152
9409
1835
1125
6956
6945
5442
6031
2955
8542
9692
2385
4437
9623
5612
3839
9750
3969
7432
4481
8844
2233
325
256
8884
4094
9274
1812
2871
8902
7025
2846
8205
2632
5135
6046
9403
7812
5299
8488
1320
507
5711
3812
72
4270
6248
5133
3283
1421
8530
1503
3580
5072
440
3263
436
8999
121
6460
2724
1203
2646
6822
5087
4029
7200
9198
432
9201
906
2722
8213
279
9696
5405
8594
5858
4390
8385
8805
7106
158
5861
2321
3390
8640
5583
2750
9235
9255
7010
2239
4353
724
2736
2070
617
5555
5814
1668
1975
2561
570
2780
23
4281
7329
4525
4461
9916
7248
1957
307
2837
9470
2324
324
1880
6363
5245
545
9517
6616
8949
2260
5528
6163
1331
9669
8921
7018
5531
3445
1005
9268
4687
843
5603
9808
1510
6495
52
4174
8945
7024
2193
2307
6826
7615
3901
950
8154
5789
6455
421
6019
1278
6379
2453
3720
5885
1958
5256
4269
7907
6395
4705
5496
8724
7623
3536
2094
3187
1869
4053
1066
1633
8786
4387
108
9909
6097
5068
536
8197
24
3904
9241
2029
548
6682
38
4892
9790
9753
2823
3550
107
2943
9020
2770
5756
3273
2080
9799
3075
9957
1661
5178
9452
1064
9331
5913
3469
8316
2550
7888
3891
5189
3567
273
2060
7139
1890
2397
9584
5754
9039
1592
2581
3928
9576
3194
2
1439
466
674
7262
6285
1720
7047
162
566
5793
7256
2203
8813
660
6686
5012
6604
127
3790
793
4120
7337
4630
8905
208
2944
2061
6565
9376
908
8020
1873
3056
2840
5640
7607
5988
5070
2340
8474
8261
4910
3081
7655
6808
4252
5562
1161
3549
9631
2438
3453
5276
8182
7848
9520
2855
3125
5968
5949
3467
7260
6892
7131
449
8895
4283
3148
9445
8313
7410
2811
9350
9273
9628
2841
3449
7840
619
2829
9760
9686
864
6780
3308
9025
2120
2028
8131
3863
488
941
3840
9656
1206
1840
3612
3945
5083
119
1900
2359
2574
8606
5153
3181
7390
8564
5956
6840
3571
782
8285
7212
4710
8234
7553
8672
1180
6661
370
8245
8395
1959
308
1751
8680
9213
6224
9006
7703
278
9468
2223
6178
1860
6693
801
9590
6394
4121
1044
8809
8969
233
1355
7924
1962
4217
9976
4890
9209
5407
9216
1142
2979
8151
3323
3206
4097
9332
9263
1435
6477
5377
194
414
1091
8625
8975
2234
4621
1492
7191
4139
9099
4277
4112
3954
4324
597
7393
3972
9748
361
5532
2533
8742
9918
5463
3974
8000
2952
8082
1919
8333
8194
85
5339
8141
7156
6060
2283
3786
181
6482
6546
855
2881
2395
8863
5534
7527
6367
2652
7426
7347
6458
9137
6101
999
6860
5926
7579
1847
4449
6283
2582
1063
1380
9847
6972
4173
2988
53
6718
3113
6559
6426
1198
5628
3243
2366
3156
2799
8848
3670
34
569
133
1766
4857
6237
8621
2907
8033
3547
9824
1192
3562
1698
6795
8741
8586
7311
3621
8660
4143
9115
4970
3272
1612
7497
3248
4196
7344
2643
7723
8549
8497
2132
7446
1277
5910
2445
2628
7884
247
8703
8677
9455
9306
8897
9259
8101
3440
4374
3592
7125
8160
4776
6969
1672
2084
7288
4340
4915
1326
1610
9286
2990
8773
7062
7657
4924
4014
9444
3213
9566
1193
5063
1908
9560
1659
6068
1731
4379
1807
2621
7136
8597
6537
1629
7402
7081
3404
1589
1817
6000
5848
1749
180
5945
7768
7714
5681
7785
2673
544
4768
5284
3692
1065
6030
4193
9145
1484
1667
5101
4637
1316
9419
9899
543
5800
1973
8526
2396
4707
8638
4716
8926
9439
6158
7315
9979
8869
6595
30
5751
1236
4145
7284
1493
7472
1758
7319
396
6579
8695
2044
9710
5570
4295
7316
8222
5704
5039
3768
3817
4509
870
612
5084
6273
7730
5074
3865
139
6749
2210
3798
4751
6727
269
4825
1844
6409
5203
7985
6112
8045
7103
6271
1989
5825
4203
8706
9446
7639
5049
5645
4562
2781
5558
3908
61
243
2654
9814
9705
8538
4976
3961
3785
6433
3799
1072
609
9773
7011
1828
6641
5738
3280
4689
8810
2567
142
9123
2246
3588
8098
4296
8646
7877
2842
5822
8022
8102
8898
4882
2280
8211
7053
711
2568
3494
3419
8088
3153
567
4347
9533
721
293
4397
8029
245
7866
6197
3663
5720
766
5169
7941
3071
7207
4285
7904
6506
9379
1273
8936
2020
1287
3923
5333
6438
1016
2109
9153
9880
8846
8153
7974
3931
5940
2930
9917
4991
5652
3497
3166
8983
2507
5307
7105
2358
8392
8457
9261
5118
3369
7355
1309
7934
2443
836
5077
7444
9896
4049
3968
7792
2311
4849
1083
2433
8494
9894
8384
6983
3529
5367
6400
516
7244
7575
4479
4635
1409
4484
255
9763
3221
5437
6176
9121
8202
4442
2347
8314
3926
3784
2025
1845
9059
2485
8865
8228
3642
6708
4934
5042
7048
957
4757
541
6247
6296
3454
8472
9471
8437
178
1862
3935
2472
1434
5713
9324
7266
928
3886
546
2219
6210
6779
3130
521
4766
5642
1934
4413
6357
9366
7201
1545
9998
3915
9758
4165
4830
686
8371
3341
3590
6336
9612
4889
2729
7005
6650
8407
5208
3847
2565
4187
7346
4004
5733
9548
1912
452
5105
7206
9148
3099
109
3133
3473
6079
2755
893
1356
8111
2639
624
8749
6029
5199
9156
4810
86
4527
2598
5936
2742
5316
93
5347
4865
2895
5959
9364
9991
1874
3922
7493
4997
2298
9556
8515
2312
6194
5156
5566
3586
156
7852
9527
4116
6288
4058
2530
9178
5873
7038
5417
3921
4225
4086
8521
9827
4467
7431
7726
6466
3914
1676
2554
5090
9822
6706
9018
1553
1208
2447
506
6278
5280
8609
4930
4182
966
9930
7701
6028
6824
5472
700
1181
353
6728
7754
8121
7946
627
8867
2797
2263
7516
9091
926
6298
6723
2153
8217
302
4036
3507
3757
8912
5499
2626
1819
3718
9986
5853
1141
743
3046
7145
5431
3634
3506
3985
2215
9097
3185
2228
6453
1246
5777
662
8770
8670
3756
2634
7822
5937
1650
7351
4236
9890
6567
6110
8252
7859
6450
9369
905
3568
9337
8159
6092
4764
7574
7281
4590
1940
2941
4836
2949
7731
5721
6023
2011
4694
8722
5404
1743
8259
8157
7273
6995
8342
4603
7197
6058
2394
8836
9070
5419
1631
9407
5727
6632
2940
3630
5462
979
8603
1606
9951
3137
371
2342
8759
210
9569
6786
5679
7217
480
1690
2034
6773
3067
5051
4903
4378
8460
8690
1951
4923
6316
2833
6535
8512
4942
996
8982
5173
134
8125
8854
922
7225
902
6205
5685
805
4424
3164
2683
6811
5350
7073
8338
2697
5931
9208
2760
2057
9057
1559
3069
4726
9630
2159
8432
5018
1942
6032
1349
4648
2152
7780
4427
2077
2429
4778
8663
2992
7178
1504
9711
3244
8569
6254
5392
6494
8288
2352
5297
860
2556
8499
9129
1994
9836
8132
1898
1762
9809
1199
5818
4792
4071
7885
7583
4678
889
9140
6447
592
3745
416
2535
484
1611
7425
5430
4368
410
1289
8196
9575
3290
1209
8957
4640
2015
961
8273
7148
6138
3108
4947
5854
8740
3422
3557
6123
7388
4327
6673
3639
3675
8170
9509
6245
8047
7150
8177
5741
920
8397
8968
2972
8823
3015
5132
1987
9850
3747
172
9433
282
4176
2275
7562
4899
4016
8280
738
8041
7218
3805
5451
3648
3688
3124
7765
1129
2682
7097
8700
7899
1153
1864
6383
1414
5546
6015
6635
37
7246
9858
6241
1413
32
822
3072
2393
8328
3618
290
1901
2241
3689
1418
5857
3192
540
3348
6620
1573
4321
6837
3741
9547
451
7864
6760
9380
7707
1101
5432
7992
3852
8106
2904
684
6758
2713
965
5046
6886
4034
8576
3924
8093
8394
8147
3214
4377
8839
9603
5622
3317
1158
9085
7223
3545
2637
1163
8955
683
5983
8687
1079
8705
6534
2981
2604
8614
9228
5598
1353
6501
9830
1080
4056
4485
8604
2335
7868
2292
6009
5766
5027
6073
3019
4183
4210
7161
2377
3691
2375
8903
9529
5257
2794
1952
287
3394
9888
9863
7331
8373
2204
5682
8707
5358
8643
2830
4419
2923
9607
8990
241
9662
622
1235
8906
2017
3090
5644
7681
5388
7518
1829
3065
8069
6601
9252
7561
8634
7738
433
9135
4935
3696
4538
1848
2293
1990
6179
59
4814
5665
9072
9702
5658
2098
8553
7565
5300
2126
6564
7339
5602
312
8552
7035
1190
442
1519
8089
5786
7185
7687
6828
4458
3504
6392
5963
5387
6417
5587
1212
7999
8930
9797
5164
6005
9130
259
4062
5671
2942
9188
2430
1473
1761
3773
2115
3998
8510
970
1390
1387
4629
8026
5625
457
2737
8027
5965
4473
6764
1085
1107
229
7199
5817
9007
737
2189
5993
2039
6265
2099
1018
7979
169
5453
8572
2383
7051
962
8173
9878
1883
5321
640
6868
5710
2523
9826
8112
2249
8127
7285
4615
7389
2787
9247
9839
4446
2053
8710
5165
7820
64
3026
183
437
1905
1876
2629
4459
399
5551
8446
4076
2791
159
1191
2047
5872
1375
3916
4754
3002
2179
9437
1327
5773
8812
5536
5581
6330
8529
9296
9867
5393
1875
1133
586
9053
918
7253
7839
213
5085
2690
8500
3511
7181
2905
1094
1379
3808
3463
6973
1202
1432
8241
1210
1440
8156
9831
4501
8478
8138
9232
224
6181
8899
1491
3615
6293
7586
5774
2425
652
9693
3182
7700
8596
3944
775
4206
9269
8037
7797
621
4928
9417
1816
3468
6754
3947
6407
8377
702
7124
6953
1217
5239
6408
5969
9861
4957
6183
1512
1242
1998
4683
9344
5464
4141
8435
2714
3679
3150
2545
3917
1993
3409
5439
8993
7480
4628
7784
7949
7973
2332
179
3249
5589
3570
8255
1601
6675
4229
4013
2869
6057
8092
6412
5840
7375
6735
4929
9852
7152
5513
8829
9473
9601
4242
351
2436
8804
921
3299
7865
8237
3183
9811
4681
9270
2774
5301
9635
501
7233
6967
6820
63
6900
4574
9807
4448
636
5111
8684
9518
7116
7728
7876
9793
8361
1623
8847
1777
5474
217
6670
1114
3021
2516
7479
7947
3918
8067
1560
4804
9089
6590
7227
2853
6143
9204
2566
3054
8061
3
6364
7967
6871
4015
1465
1838
8086
4688
1408
2482
7123
7757
4863
3559
5285
7786
5796
2783
8097
7282
4
9629
2711
3041
4443
5600
9655
1389
7690
9813
5984
9323
1788
9703
5240
8562
4410
84
6849
4617
4752
2201
6504
8187
1552
8580
6227
8005
3147
637
2119
972
4859
2522
9988
9076
3981
7953
4639
4616
4847
5418
4420
3889
6986
4082
8817
5637
9098
322
9243
1694
503
5616
4030
1523
1520
704
9581
8725
9066
499
2653
2569
9361
8587
5939
3518
3906
4403
9071
5590
1796
6818
1043
8826
2041
95
3441
9214
8425
6121
5646
338
3334
491
1737
8872
5380
176
9222
9892
3080
8042
1403
486
2449
9291
7321
4569
7777
4744
2825
9026
671
5881
5022
3519
862
3676
3888
8271
4950
5492
5232
9585
5845
3349
2888
6703
9625
644
693
7671
1332
6883
3128
1852
5107
1939
1582
6666
8501
3752
6069
1575
4748
3250
2611
3264
5053
7656
9401
8223
346
2884
4540
6381
482
3060
9657
4392
6340
1147
5729
5338
3239
8004
9036
3503
9940
2444
7052
1038
3025
2657
4675
4466
4153
199
6562
4602
3326
877
1824
5521
3971
360
4213
8158
3783
7995
9453
981
6454
4964
1487
9264
7905
4495
1815
1025
15
9395
710
3845
6681
6048
7935
9120
4003
2142
6444
3436
9643
2976
2649
1384
1543
465
1227
2784
1154
4101
1524
6401
1933
3810
2994
5847
5355
9311
9893
3224
7485
593
3556
4881
7313
9953
5104
4074
5281
5314
8016
3117
2411
3613
717
4146
3027
6981
2926
626
1645
1017
4873
2221
6001
2803
8535
4818
4737
8679
2388
9257
7054
840
6862
2800
2557
7867
9778
3501
1108
534
154
2573
4228
755
1655
9567
5028
9063
523
261
1881
9920
8916
9875
1735
2721
7704
7506
9049
7622
1412
2054
1954
4706
2599
9921
7338
6253
3327
694
6047
8324
9217
8410
5742
3952
7086
1106
3274
1398
2264
2074
2708
1722
4963
1662
6328
1218
9963
2767
1600
2875
4740
1673
2421
7882
4887
9092
6710
1002
7043
2016
1182
4202
2003
7457
9343
1015
2514
956
7447
8746
2089
3882
6984
3999
1778
3871
2931
7163
4566
2334
6960
9838
9929
1937
6004
4877
455
1678
2006
9755
2250
5471
502
4714
8506
8310
7875
6449
9881
1839
4914
1705
8304
4971
9190
2728
1367
3520
5540
4819
444
5128
2660
2818
4399
2301
9272
7423
6475
4085
5038
9514
190
4821
1902
7353
4698
9690
2786
7449
9640
781
7334
5193
4035
3142
1790
9429
4478
2243
1260
7466
6
2242
9768
1689
1578
7827
6486
5648
344
2508
5335
2513
6145
7255
187
2255
4780
4185
4100
4659
9933
2918
2648
288
8253
1536
7120
6985
5230
6025
6916
8250
6228
6405
8032
383
1195
2407
9373
4042
526
6442
8057
425
5325
887
7870
460
9714
4488
8765
4426
2486
7672
5709
7336
3683
1036
7863
7851
9382
2341
3833
9467
6118
7557
869
5379
6200
4275
9030
1081
7837
4268
453
9987
1692
5167
2612
9805
5687
345
4456
9482
828
6337
4981
4842
3101
135
3605
8257
9694
2725
3811
4494
1056
1234
9981
9715
792
5543
4531
1124
9789
8274
5781
1255
6563
4521
401
3821
4992
3032
4786
1542
5676
9803
3960
3826
6722
3896
7539
699
9907
7705
4573
6155
2588
7643
286
2131
2772
3870
3806
5697
9882
4775
1229
9203
7725
4839
8649
1787
841
7913
826
9084
3875
748
3285
1366
8043
7629
88
6545
1834
8434
2932
9648
8989
7306
3910
8427
4586
1257
5370
5523
6776
5202
2805
5425
9591
6623
3750
8948
2313
7093
7046
1729
6317
718
8645
9283
7036
6861
8555
9279
3693
8455
2104
7110
4762
8001
8144
2838
802
6597
4599
7397
6255
6066
1608
13
1688
7505
8301
1479
8382
50
4487
5841
1658
7357
9731
2021
8327
4817
3709
5079
4658
5663
2995
4911
9051
3854
1422
5044
3815
647
6982
768
1220
2471
8277
9340
4407
9516
2756
257
8546
5636
8224
3979
216
6946
9911
7026
7395
6284
8550
7164
4806
4089
7104
6725
105
6838
5498
7219
2878
912
2458
62
3464
6144
1486
3706
9385
602
3184
2266
7626
7407
3669
1602
8167
5166
7774
5975
5423
4482
5312
8403
9984
6800
2190
8890
9765
8689
5763
4500
946
4435
2730
5360
7538
3606
6816
1538
2555
3476
6844
1337
2268
1427
8369
1450
4069
4542
4880
9394
35
7952
6847
3742
3210
2257
5057
1814
5898
9319
2346
1303
4925
8658
896
9420
6680
4093
3832
9165
9990
4676
6026
4471
5675
5363
6904
2030
5108
2361
1177
6374
5905
4967
7595
5632
6148
8139
9106
5066
7101
7708
66
6704
9334
5406
4515
7813
613
1797
3975
5525
6166
7511
1750
6888
8492
7943
21
6141
9126
8372
830
196
5518
8487
8923
5664
6496
6236
5062
3608
2766
9034
3391
2399
5075
9792
7294
8636
1401
6462
2403
5493
2603
3088
3869
5460
1614
6745
7028
9011
9528
7781
4214
3678
3824
8566
7743
7719
4560
8053
2850
104
4126
665
6502
8819
5747
3496
3401
8910
6560
4662
7810
9158
9936
9415
7592
5211
5215
9110
3036
6522
9083
1572
3400
8171
3376
1984
2908
7214
4988
4789
6396
226
5780
9457
4541
8152
3834
2821
5559
3980
8859
9104
5919
3541
5880
1802
2746
1350
1516
2117
6815
1663
6980
7082
4824
3772
8816
634
2536
1879
6539
2111
3819
6391
329
1055
9759
8350
631
7755
1656
9557
5225
4263
9476
3719
4227
9677
3516
3984
5262
9408
6665
990
4670
8981
9841
6261
7751
1586
3753
4017
5834
2789
1896
1726
8585
28
940
3982
4916
5846
9966
1719
8339
9277
3216
4372
4163
6518
46
5524
146
4856
4178
7404
8079
3739
9746
4250
588
4986
5867
3031
7939
8743
8265
9713
4809
9613
5171
7698
1404
8299
829
5395
924
7430
850
9589
3109
1907
6203
4380
1580
394
1299
8547
2788
5908
3293
3085
144
8019
4958
2155
3729
8183
6165
3733
5601
4631
7549
7779
4703
6225
6411
6434
9756
4654
7265
3201
3770
8721
574
7371
2150
7264
6185
6027
3279
9561
3843
7706
4550
7918
1764
5465
1886
1259
6887
3587
720
7369
1300
7499
9615
1470
6013
3151
5579
3857
9119
9729
6954
9031
8523
6738
6936
8965
4626
8168
7382
9652
7710
9501
4366
1969
692
553
9251
4526
2481
500
1312
41
8733
9717
5989
3402
3766
9094
7112
5086
6404
1358
8915
9427
356
8013
987
9680
1169
3800
1784
6721
1789
7295
9977
6695
9931
7241
9949
1288
4831
9288
9483
8216
6473
6908
1521
1419
898
4746
3909
5694
6769
605
4433
2675
916
6881
8900
7323
9939
3983
8896
4447
6691
5820
2865
2642
6016
9796
5261
6070
1437
5443
6586
9815
842
6373
7990
859
8513
5735
4351
9689
6979
6142
8913
3591
1279
2669
5677
3106
9041
4315
1070
3995
8475
3439
3620
3312
9435
8279
5238
5609
1574
9469
8794
4581
2085
296
5669
1267
185
1285
7008
7169
1769
6993
1736
7299
2809
102
2625
4175
8914
6699
7994
2793
8354
8174
4745
5871
2229
3155
2167
5191
2616
7879
8626
9684
6258
7190
6117
9182
2227
4428
112
3443
9095
591
2253
9388
4096
6626
2093
4470
8186
3540
6528
3059
7611
2194
7580
5092
947
6195
7080
300
5192
7013
6685
7168
7986
9810
4820
3740
3760
1540
3627
2469
5977
7140
1709
1718
2146
7630
820
9256
4457
4549
6347
9167
8163
9024
5356
2552
3881
5494
2202
3383
2212
7720
2456
9219
4837
5444
7187
551
3304
2294
9960
7847
6864
3762
6370
7793
1426
5185
7525
3177
3315
6499
7950
3209
2666
4170
3686
6309
4355
1651
7617
9087
5529
4279
1622
9234
6639
5400
8404
3582
8876
3956
3229
8281
2810
4012
2238
8169
7452
5827
5537
6257
2801
633
9233
8702
8611
5647
6679
6756
8659
1395
5719
8788
8704
9552
899
2269
7356
4579
4363
4679
6425
872
9944
8775
6867
4512
3667
5730
7451
8142
6885
9637
8292
8347
45
2727
2222
1985
9752
8479
2092
6713
9723
1539
4823
8340
4850
5967
4584
1863
8575
2417
1754
3553
1480
2890
3386
968
2473
9489
6950
3932
8539
9249
2966
5440
4661
4979
8568
849
701
7696
9642
9387
1188
2524
310
363
3122
2847
1795
1671
1364
2414
2345
3175
8673
1417
8441
9236
6264
9654
3423
7857
9000
3320
1514
3851
1928
7102
6939
4486
362
7987
809
8243
7151
4107
6961
1966
6399
8296
443
2435
642
4063
5577
7359
6189
6385
3429
4990
3077
8590
6911
1526
4932
3074
6766
9114
1003
228
6742
8558
9134
7878
4697
9466
5237
6149
5502
740
7064
12
6957
2316
5805
6440
9362
73
9761
5270
1716
6705
4406
8987
7491
9769
5698
584
9391
3284
3399
1194
2008
1243
5255
8629
167
2851
2705
6561
3428
8797
7606
9507
6147
1196
7418
4940
2136
6912
8925
3295
9354
8652
1481
2812
4572
8175
1776
4949
7675
3208
3927
8551
9502
1774
1214
7146
5017
3152
4421
5302
5557
407
3717
3231
1624
667
3371
3458
3725
6870
197
8302
5992
9225
2997
8351
974
7044
1006
2075
732
6319
9384
6951
1893
7791
8267
7075
1052
3045
6999
7670
1476
339
2951
2100
2715
6646
7330
2563
459
2539
4852
5344
6304
3878
3305
6571
8992
7811
2773
2509
1916
6631
9207
5724
5113
7186
5121
7096
3255
7759
8922
7031
209
5210
734
8449
4297
1775
5309
8349
3434
2948
8870
2576
5031
6660
6436
4505
3684
5942
817
3470
4699
8873
6833
2236
7392
2058
9741
6262
7074
3560
8639
9421
9312
6423
4336
9912
4620
4968
9378
6170
6524
2027
3139
2365
5117
2965
5508
7203
6041
9496
4665
1447
4666
9299
7624
4362
8468
5770
6989
5394
3965
330
4961
4624
7843
4140
1854
4007
1728
8996
8060
6471
6971
8943
3685
7740
3061
9082
4373
1529
6850
1566
6294
5830
8028
5876
7838
3344
3197
7068
2363
1630
8439
9856
7795
5136
5544
2490
8264
4417
8230
5056
8303
3509
2101
6292
1233
4796
3528
7231
6761
8440
8023
1686
4158
8979
2408
5561
1654
6890
1635
7829
4168
8015
5204
4962
7746
1961
7503
3482
8452
8799
4261
5700
9044
3950
2123
3779
8052
4386
6624
350
7324
3269
4902
3635
1386
9035
5708
117
8527
8063
5748
2200
5201
8946
8143
7926
6108
7581
5757
549
9871
5324
2927
4440
3937
6790
5985
2354
4537
8465
5927
6799
4801
1464
7374
1843
6051
938
9544
3703
6441
4311
7735
8214
3619
9817
9294
6268
9229
5397
340
1324
3103
8077
1826
7130
1295
3958
5150
5291
3526
9144
2778
9913
4632
4008
5591
5109
1174
5522
1739
4156
8094
6064
4983
8624
8260
9105
1685
8235
4341
1183
2468
4352
3877
2971
2967
1691
7933
6668
5883
3091
9405
4068
430
4039
7477
4608
2391
9271
3420
2920
5461
1781
5041
9599
5048
7550
2765
1598
8877
8657
3222
1747
8335
5265
4267
9246
765
8002
6857
3355
6896
3356
8520
242
6168
9938
9864
468
7540
6199
7695
997
3607
332
1274
7732
5349
7529
5253
1030
7040
935
3600
5634
6852
1341
9191
7234
759
4944
6555
5296
6825
7259
7789
5585
4980
3217
1071
7766
3270
4400
6988
4291
9849
2677
3120
9845
3351
4422
9825
8919
4974
8445
2544
517
9935
5509
9512
1429
8459
9353
7502
3830
6403
6970
9060
5859
5343
651
43
6301
3781
5147
1533
8448
4302
2537
9220
2902
2796
1884
4869
5457
4973
528
4623
2197
8736
7666
5762
9708
8514
6530
967
4580
4551
5438
9608
285
5317
8602
8779
4211
2357
7745
3583
2906
4226
474
343
3066
4248
9305
8612
6095
7860
4212
9553
6602
3641
9961
703
6607
7495
4325
6719
3367
7954
6629
157
4506
1581
9543
9426
9183
320
369
4862
3375
2617
6076
8068
6542
7132
1594
7588
8219
8447
5516
1032
3880
1871
4907
7384
837
5545
7242
1166
3681
7862
7906
9725
9022
3161
5961
604
3704
3265
7508
6877
4064
3970
8124
8728
2185
8429
3767
9522
2640
2024
7049
1462
8206
6011
3336
9676
2208
1922
4518
3601
6478
9671
7616
9265
6428
4335
1591
2351
8656
7962
8378
9151
8938
600
8075
9782
2424
8185
8370
7251
8600
1428
7930
4987
9194
9539
6017
9674
6201
5177
9425
9386
3721
7
4937
4396
7715
25
2922
2631
1381
8559
2384
7341
4938
7128
8787
4993
8832
7644
5266
2982
2687
2088
7322
8548
3763
11
9683
6126
2921
3000
406
1643
5954
3963
6457
7636
2281
1368
3796
882
7559
5870
1296
4719
3862
7543
7881
7978
5994
5753
2656
1833
7603
900
9777
2277
9206
1534
6634
4571
4651
7070
1576
6415
67
7228
1126
3596
4045
6209
9889
527
6621
7724
3925
5690
9358
5123
3977
188
8318
1996
8413
297
9795
478
3743
5466
9982
4439
1286
7192
1915
6099
3087
2137
2154
1478
4384
8208
1305
3448
3749
6767
4755
7343
2336
5550
5821
3911
7526
7747
1373
2547
8595
4025
7408
9458
9736
7652
5495
7997
2822
6676
7571
2148
8862
5631
4346
5403
8661
776
6044
1112
2749
4772
5197
1009
4080
7959
1054
971
4644
5138
1882
4893
1976
8757
8891
5584
8860
5952
2276
3475
4999
4084
7412
1252
3793
8852
1410
7761
5106
4472
1593
2505
2389
5134
7354
3136
4124
8048
6964
2226
8420
9375
2247
5209
8240
6697
6083
7465
4000
1228
4853
8853
3303
1045
9128
8239
6033
1579
4160
51
5527
795
2985
8090
4761
2450
7142
6955
4344
2331
9149
4845
8951
6362
9142
668
3238
40
6558
3645
202
789
6198
9491
3415
7033
615
498
8380
9978
1131
1076
5920
5923
3513
4316
6186
7578
942
5515
3964
2558
5619
3936
4240
2678
5604
5220
1558
3578
4164
4529
8911
1972
4876
2887
728
7162
6872
3853
4750
2046
2543
2700
1894
8490
8087
4717
6219
1765
7960
3034
9281
1152
9197
1562
9541
8939
8754
1903
8605
8165
5131
1550
3380
6929
2230
3874
6160
7091
9950
2564
9177
4197
165
5069
5216
9992
9506
9397
166
4332
1687
4149
6671
9598
1811
5274
4660
9056
2861
5158
5972
9180
7160
7846
6694
7576
272
2066
884
1867
1238
7750
7980
564
7098
603
8044
9498
1157
2130
3076
8942
7445
9958
3838
7694
3858
8430
663
3145
1298
3940
2479
8806
7892
1505
8011
1831
3515
7486
4169
5097
8122
4650
7778
1050
682
87
6865
2499
5305
2744
6295
863
9665
4800
5289
6615
8544
7849
8772
4464
5597
4476
6642
8137
6576
7981
657
8058
3121
8107
934
175
3023
4278
6922
4314
4667
2891
2934
6090
3673
1490
8793
3481
3813
8632
866
5251
5929
5235
6093
8074
1049
2693
3012
982
36
9820
9055
3637
2641
9441
4026
2265
7991
8767
2464
7929
8266
5990
7297
1675
1877
8311
2638
3850
930
2220
6062
9895
9525
6717
8012
5706
7059
7770
4756
8389
6196
5588
4956
1216
5
8807
5447
1760
6724
5226
1143
5673
9301
2147
2627
9937
1535
1186
5142
6106
3666
8841
9290
628
8738
4019
9081
6213
9766
8484
5214
2867
8777
9282
6235
9189
3168
4591
2885
4507
3787
1711
4115
8414
7971
9521
2480
7367
3668
6161
6075
267
7000
7428
3510
1391
5272
6841
8815
2903
6997
6733
5409
8114
8248
5452
4201
2549
2759
1674
5233
9747
9606
3542
8831
6492
9075
4200
8473
5089
2303
4102
9526
2187
471
2517
5436
7545
7748
9886
7115
5008
4398
4784
3425
6853
4303
9583
5383
6785
6859
123
4733
758
7602
3365
8135
7982
8329
9108
3774
878
7459
6927
5252
3563
7807
3146
8084
1485
6459
7871
2701
8035
8073
4290
7911
4294
5541
6782
6464
8204
400
4329
8172
5578
2993
9238
635
7364
4038
9970
614
3172
9735
7419
6387
2849
7230
6755
1383
1496
1803
6307
7224
8419
368
9413
4307
2709
483
2125
6389
490
2476
4274
5114
151
3775
1926
4414
9326
4685
3174
9844
9597
8317
6115
1087
2031
5371
8802
6798
205
1565
7828
212
669
5807
5943
5930
5916
6173
555
5478
5998
4009
5110
6246
1551
6207
2600
9754
7542
6998
2970
1120
2037
9424
2056
2001
7398
923
6866
9701
7590
9620
2113
9667
6243
9812
5180
2763
752
7832
666
1359
6310
8493
5914
1657
2698
880
2026
3566
5304
4432
1034
2329
3396
3659
5003
5469
6543
6035
284
6797
3340
1603
6435
7897
868
4028
2428
8907
8242
6823
5798
2007
7362
1555
4807
3346
6172
6059
5376
7932
4318
10
8574
9347
7650
7809
5241
1648
8298
1858
9972
2129
8438
4060
2936
7674
3794
4010
4936
7555
6783
5228
3617
871
1023
6587
485
4438
461
9242
4260
3900
8698
367
2585
1425
2619
4497
883
6335
9042
5234
240
5010
9636
2405
8665
3897
1115
409
7307
3662
8627
8193
7564
2042
1441
5903
6231
7167
426
4728
3014
6657
7385
785
5222
4249
3084
8056
1416
8481
2795
5458
5375
5764
3565
7279
3599
9943
6913
7021
4287
3493
1179
113
9166
1546
8065
756
589
8588
9411
3699
2488
5879
3535
3822
3992
3029
9253
5653
7361
462
3920
6177
5401
3474
318
2996
2824
5964
1846
7612
9021
2929
5264
7469
3894
4770
3835
4161
8561
3011
6277
8718
5501
8155
3653
3695
5736
6810
9046
494
1187
4868
9902
9157
6605
97
4904
3628
733
2364
8801
201
7483
2278
397
7092
7421
9260
295
7118
5819
7012
7002
9634
5893
6832
867
9143
5962
9513
372
1627
2271
6548
1374
1123
4134
6182
388
7088
9638
2409
8469
925
1791
1362
4508
5415
9001
779
4797
7783
3092
9821
1849
2580
992
7108
4123
7238
4348
5286
1024
639
3318
6762
1570
4001
6266
808
8845
606
4404
9370
6355
6067
5366
4284
9492
833
5944
5839
5707
3178
1710
3708
6432
6512
289
3791
1946
1058
3456
8411
2601
8145
2814
5248
138
9245
5809
4171
7772
57
7914
1461
6726
5922
3352
2158
9664
2956
5129
6683
9349
9651
2719
6327
3899
9451
7484
9218
3110
6072
873
6831
2079
3652
3677
4099
5485
8729
5651
757
6339
5491
8225
2374
1950
504
2114
1264
9588
8615
8641
9670
8401
6230
6342
1172
5803
5689
8685
9866
4370
472
4090
9974
8828
819
1983
6915
7455
832
445
7919
9078
5755
2987
3665
9239
3505
7894
1595
678
9577
5323
5662
5361
7697
7286
4091
5014
8524
5899
3022
2240
5318
9212
9682
7492
5186
726
949
6592
2817
4702
1767
8941
1237
1019
6344
8647
3252
8096
554
5790
5094
7582
8994
1704
9125
2344
5661
1780
4122
5909
6272
2614
784
3962
8422
8036
2360
1745
5606
4098
2273
9632
695
8803
848
4595
5275
9975
3488
8359
4005
8837
2415
3841
1000
5517
1037
3604
98
4369
4848
6878
5654
7056
7521
2636
6893
7597
2376
1920
9869
8189
2326
2984
8761
890
4638
7841
9720
7773
8289
9945
5052
5374
6308
5806
14
6741
2207
4109
1266
4779
3820
9342
1856
4221
2406
7896
1051
931
1981
3723
4195
6619
333
1254
729
2454
7520
3226
3487
5788
9432
8735
7276
1460
6472
786
3654
4955
3598
1683
1929
8164
9855
6085
5686
7400
164
1010
9048
7850
8337
3228
1270
2082
4323
1997
3361
858
4612
3626
6349
7965
8694
8888
8017
6361
5489
2040
5278
1247
6510
27
4181
3276
508
3234
5345
7243
2128
7478
771
8358
7342
9545
3573
6924
495
5850
8934
2172
2045
1297
7660
2470
4989
2459
4561
5313
1130
7679
7435
6480
2282
7378
9854
2546
6406
1779
1914
2525
4198
8059
2168
6377
7386
7166
6884
5980
1185
3408
9873
2368
3003
6055
5884
7825
2583
7183
9320
9857
402
7741
3816
4326
6128
1541
5470
7718
3007
4799
3500
9985
2186
8858
4434
9633
89
7653
5749
4738
4927
8334
4177
4972
7320
9102
9942
6242
4339
4219
1960
1457
4333
4128
8099
5564
4328
8977
1207
31
1165
812
6040
8882
2991
1088
6858
91
2252
1099
3006
9924
3664
4046
8776
4135
7335
2743
9663
163
5643
4308
8426
6514
4794
1073
3643
6487
9508
1271
5390
3107
1406
2937
3374
7512
5553
823
2299
246
9946
6322
8294
9399
723
1308
5486
2548
5455
9124
4567
4292
5420
2630
2980
4563
9434
2644
773
9823
9668
1382
4220
1110
7195
3761
7749
8693
7645
1128
3707
1167
8008
1140
2804
8276
8343
268
6636
100
8336
5030
2681
5512
2398
4234
7632
1850
3722
4548
1794
7066
2002
7566
1393
5143
8307
2258
7379
5783
1420
6191
9846
8034
5059
8960
9495
1321
4513
1197
7189
3292
9418
7252
3738
2757
7072
1948
3388
5575
3616
7487
4262
5892
5613
3258
5829
6923
5744
8752
5745
5784
5593
3744
2901
7869
2272
7548
1945
6211
977
5032
3734
9877
5982
48
5254
4691
6711
5877
1405
3534
3803
9472
3575
4345
2620
4382
816
1463
1734
4050
6968
2703
3672
323
7182
4357
6836
5791
7135
8233
5514
5614
8739
5960
623
1318
2050
9002
4758
9103
8780
3287
5852
8962
1857
1369
8207
4854
7490
3379
6532
6275
1878
4808
1078
4395
3802
4338
4729
9835
8653
9414
1587
314
7817
58
2896
497
8103
5901
9463
1378
9371
3636
7089
6784
8666
1865
4680
5674
9540
5487
1708
2685
2762
1806
6775
1082
2140
6214
4258
7546
418
2492
2442
749
5198
7799
191
891
6402
76
9309
9237
9093
3329
9250
6917
7944
3236
3016
2420
8320
5194
9240
8357
1275
9316
696
7221
8825
1119
578
2684
9327
2609
4731
8321
1577
3543
7591
4524
8952
1967
2014
5734
149
3004
3836
3486
9687
2672
2216
2740
1263
9317
1176
6413
3905
4048
5746
4672
6793
7143
2874
7711
4613
4920
9915
7775
9351
1943
6507
5795
271
4312
7377
6366
4684
5221
6611
5615
6523
9535
909
3846
7373
5213
1888
6252
1164
137
8293
5987
298
5459
3127
4593
385
964
4033
8226
6052
9161
3406
9478
7076
3577
2218
3170
7569
2355
5357
1518
479
4652
4408
2319
3384
8584
1175
2912
3748
2178
8537
4547
7172
6709
6596
2500
1733
2310
5921
9298
7537
4913
7437
4493
2213
9171
8986
7467
2372
5667
9573
3661
4701
4452
8691
6992
8486
9010
1132
6022
5290
6188
3705
9131
2659
8567
3432
8671
315
9422
3052
2758
214
4288
9843
9315
5292
814
1411
8282
6244
649
2175
9262
3844
5168
4418
4523
3546
610
1304
4812
5099
975
2785
1159
3167
4022
5352
9307
3057
1
8115
8113
1511
7969
3010
3307
3159
1276
1211
3527
6520
6889
2134
2254
393
8675
7908
2170
3489
8117
7236
3531
8889
8782
6880
9709
1753
3332
6109
6805
4360
5331
7019
7411
9952
2589
2707
3687
1489
2055
8232
5771
4159
5973
3558
6326
4232
4570
4514
2671
4722
9381
9751
2160
754
6238
6297
4241
2356
4532
9794
2491
8796
5396
2339
1568
9989
467
927
4926
8940
6525
124
706
7614
7442
7635
9905
2950
8091
1868
1239
7514
7303
131
9586
1001
8123
1226
3873
1599
511
2323
9406
2782
2127
2832
6125
3483
7289
9431
177
5986
7936
3322
8254
4693
4147
2328
9227
9058
8758
8971
4708
6050
2259
4649
4002
1515
5856
2169
5633
648
821
3465
1100
3508
4834
4874
6020
7441
1978
1660
1786
9109
2110
3517
6131
7461
9726
6127
7836
9132
1887
4732
5091
1619
5864
477
8654
1328
1842
7023
5181
2382
6575
9801
3414
3078
1988
7216
8745
1352
7972
3902
7170
6474
7684
4600
705
3967
7742
5887
5594
5067
4578
790
2957
8932
9965
7736
7782
9862
225
8525
8766
4885
7915
6801
8824
7664
1472
8668
4535
1219
8095
1746
583
4871
2978
5678
7951
3976
4753
7808
2670
6662
2915
2859
9488
7541
5161
6743
1647
9459
1801
5157
6153
9582
6164
5894
1640
5196
2542
5480
5933
7209
4625
6821
7261
7968
9138
6461
6652
2196
9837
9313
7532
3354
4092
7596
4736
5372
6221
3728
7293
1325
6358
3102
3712
1588
4952
3731
7114
26
1810
2291
9244
9428
5306
672
6687
6843
8246
8258
9672
7022
161
2870
3593
9550
658
1974
373
6418
5974
3471
1397
299
1438
5163
3362
2897
4065
9172
8104
3116
3416
3321
5095
1090
5414
4057
5365
4502
3200
4609
2739
7258
4061
9959
348
7439
7464
1653
7196
7589
716
4300
9333
9474
3405
3154
7769
7531
5195
1431
6617
4912
7739
4031
5064
512
1310
3490
1057
7507
8593
1095
7900
3199
4266
4826
3466
1407
3576
2402
4358
7350
8818
5843
980
2318
7129
244
4601
309
4253
3162
5641
7854
6456
824
1415
8109
6348
3939
7975
4238
5799
2315
1605
1706
434
1033
6325
1818
3492
7756
1531
9829
237
9477
8388
4130
5424
9530
4468
9500
7137
8431
7045
5596
6306
2232
8458
5319
8344
745
5656
6712
844
4634
8988
2378
3777
168
125
7996
6594
6835
7661
8149
2534
9740
6806
7333
6167
9113
2112
4597
2857
1669
7352
5413
4721
9465
1889
8664
3165
7204
6739
9716
4774
4087
7685
8062
1338
7474
6039
8383
9015
1075
6351
4194
6074
8711
4767
4735
6603
1170
2489
2188
5243
4184
7976
1517
5948
903
9775
3551
7275
8814
9767
8751
4113
731
1459
8984
688
3861
831
2390
8312
8792
2503
5869
3205
2300
8935
8424
7060
7818
7824
8491
3385
5882
5249
7895
5139
1360
5154
2183
6503
7063
2367
8678
618
725
9133
8353
1205
1137
1804
5947
6876
5907
6918
6446
4154
1792
2894
4802
3100
6612
7165
6659
7274
3860
661
4330
9023
8519
2162
2504
3480
2095
1953
5862
6809
6813
1329
9440
747
7737
7460
3759
8297
4231
3946
4078
3879
5831
2622
6490
3883
9800
4304
9330
7468
1268
5267
1956
476
7628
2947
9727
6774
2702
9504
5223
8958
8630
3655
398
2761
9734
6834
8070
1086
6574
5160
6397
5855
9719
5303
3495
6905
679
8644
8709
915
5611
9879
2541
7121
4110
136
1468
4189
5065
1770
6063
6488
8360
8674
9639
2933
7556
1641
2712
3220
5258
2999
2064
7605
6021
6096
616
9546
707
3828
9579
7177
8504
7158
9779
7513
8203
4519
4430
3115
3948
6303
6577
39
2562
9609
9215
7287
1281
7584
5308
9559
1134
9995
7475
1638
708
6647
9195
2091
3262
8415
4047
2723
1823
2181
3792
2478
575
4088
697
9834
7667
3872
5816
6630
9653
2792
8038
4816
1727
3893
1371
4773
7084
2097
7211
5454
4713
3063
6130
853
7232
6581
492
3282
1763
2284
2839
2651
4350
774
8409
2667
2515
5422
3062
5703
1506
1344
4724
7363
3594
6282
2663
3782
2224
5849
5037
4686
4858
1628
9781
8450
8364
3225
1853
5702
3058
7984
3300
6580
3129
9610
8681
4412
1145
3614
4103
5122
6812
2876
552
9164
6897
6416
9267
6638
8083
3564
4119
5088
5188
6002
6359
9230
5206
9037
6314
7099
8541
3324
2035
6839
2816
983
147
1127
9383
2373
780
6375
6919
3671
4133
4664
4041
1909
18
6570
3306
5886
2463
5124
2893
7646
3885
3302
4835
596
200
1936
3407
9737
9897
4383
944
7278
3382
9885
6421
9159
7057
2157
2090
411
4656
2483
8398
7993
7291
5449
2237
3132
1970
7753
1093
2998
56
8381
7015
6589
1944
8244
8287
2883
174
2432
6192
7155
2662
423
8784
2262
3093
5310
5539
3579
1497
2973
5775
1105
3257
143
9045
4771
4844
6698
4365
1755
9147
3622
7604
4131
5148
2882
9174
9691
5765
3609
3395
3788
3611
6006
7095
1725
3574
408
71
6365
9043
5759
9390
5144
3714
2337
2819
9052
5826
3658
6526
8631
6251
7830
6249
6996
7509
4310
2689
3189
7998
9675
9181
1454
1423
2813
9786
6111
1549
4528
1740
4690
489
3929
4922
4205
4423
529
9868
8209
6105
4463
1250
7798
5096
4851
6640
352
5428
6388
6281
9454
5116
7304
7004
8399
3260
4381
8462
5490
3498
9155
5890
355
5416
4918
1700
6187
8085
4966
404
7805
8883
7383
8262
7665
6894
9922
8771
9783
1554
204
8198
677
4921
9611
9534
2198
3370
1697
2422
9160
2231
4692
2211
3140
6376
1027
8774
4207
5271
1443
559
8726
9549
9927
5785
6947
2771
186
9170
5715
7673
1178
7787
8064
5362
5507
1388
9475
2348
170
9118
4111
5242
713
6174
1918
2287
6588
2072
9141
4886
1547
1564
4994
5966
116
8146
6353
8620
5244
2387
9505
7790
846
5618
1585
7814
4522
2914
1646
2052
7887
8421
17
6463
6547
354
6533
3993
5752
6484
5187
4451
231
6609
8618
2777
3240
3446
7406
8808
9649
5342
1293
8980
456
7481
8717
382
3338
811
1917
9531
8972
1253
7290
2815
4361
1385
2570
1569
8557
2968
5279
6582
2595
4742
2806
7558
6045
4946
608
6481
989
1317
3325
3602
8887
4391
984
2256
1930
6930
78
4167
7535
904
7220
9697
6259
395
9580
3876
7157
7938
1644
6819
2059
3051
7424
1446
6116
7111
8748
7141
8405
1215
9295
1977
4319
7821
3233
5224
5283
5638
4040
1322
2873
427
2735
9436
9932
7396
274
8592
1471
9329
783
6910
3310
8078
691
10000
8577
7179
952
5997
656
2959
4627
9447
8212
1597
5076
6583
7568
2308
9851
3848
2410
8009
594
8120
1096
335
769
122
6696
374
8269
2676
3253
115
3595
9551
8686
2496
572
881
8080
8291
7463
7570
3207
7205
599
33
2138
6991
7078
917
1330
9396
55
6941
3163
8723
515
9184
193
3499
5519
7003
6483
845
5904
1783
1642
221
9733
8696
3245
3912
897
2484
4931
3771
9887
1620
3633
969
3632
5231
8325
5934
3544
2143
1904
5269
2679
3242
8833
3831
4811
3451
8247
4251
232
3343
5510
4247
7381
7326
5218
6628
6875
4894
7649
1965
7963
7415
560
1475
69
9226
9163
8623
9088
6765
4204
4385
6056
2661
6036
4795
5078
3068
1752
54
4474
3083
9572
7496
7961
8210
6010
3561
9336
8220
5655
7727
6557
879
865
1639
960
9532
9169
6606
8110
6467
9564
2831
4043
1548
895
7039
2285
3864
4157
5468
5610
5723
8963
6107
428
1527
8010
7027
4543
3442
7752
4520
2512
1146
5971
7001
2593
1225
7689
8778
1424
238
5794
223
7816
9832
2209
8762
3646
3452
8270
8362
1999
1053
9479
5429
739
8376
2880
2529
1069
8140
6895
9538
6740
8879
5900
6290
5125
9040
3373
7631
8573
6193
8393
301
4023
3624
2446
3319
4075
1494
9449
8188
8835
6551
6899
1249
7883
3955
4425
5996
3421
3855
7678
813
9450
2664
3859
4545
6390
6312
5080
4813
7305
5563
9956
8701
2314
2107
2214
9904
2288
6332
6414
2235
2069
262
4883
9014
6914
5120
5434
3024
2184
9650
538
20
719
1695
2416
6274
8396
8589
2448
3291
3746
3219
4594
3359
9345
6633
6393
5714
7017
7682
2768
3986
3903
1885
9542
2969
9819
5497
2087
1626
8201
9303
807
8489
8712
510
1104
1467
577
1991
7627
5081
3097
3096
4142
4610
8892
6637
1684
1772
6789
9077
4657
7641
1910
2248
8789
1832
9700
3013
1020
9357
2591
5572
6420
9969
9199
573
2733
4499
7762
5941
7688
8532
9096
4704
8970
4465
9980
5725
8150
2748
4475
4700
7226
1525
2245
1376
7654
4455
5025
2267
106
8533
8871
9398
2502
2073
260
582
3048
1955
2102
6184
6498
6744
2118
6943
4411
390
6732
5573
4118
7394
2645
7572
6007
9718
336
6729
1213
3623
2538
4861
9772
313
7920
1149
4059
8565
7801
5699
2717
522
9644
1336
2909
3157
8192
239
907
8021
8688
1004
1980
1060
8231
8917
760
3180
6584
277
8947
2986
1109
4790
8599
5034
2000
1649
7034
7855
9934
2076
1400
1365
6678
6752
1448
3426
7823
5246
9906
7640
2362
9448
1039
9971
2528
5402
1968
5058
4209
7180
1556
6572
7109
2009
7587
7440
4781
6269
9146
530
994
9596
5842
6098
7668
9865
6485
4589
9762
4985
8130
7456
6869
99
5023
986
9292
7523
3907
3028
2192
629
7619
1508
751
875
5918
8995
3943
4646
988
6323
6037
8049
856
7416
3339
1613
6599
6465
9193
8927
5726
3138
1269
2320
19
5617
9673
3823
379
5808
5172
7071
9898
1859
3254
1744
270
6080
7889
49
1319
8332
673
4255
3082
9728
7891
9565
4827
948
9487
8998
8278
160
8054
2156
3268
1026
6978
9666
7931
5295
6133
1670
3118
8928
8133
6610
5354
9205
2575
5649
9484
3656
9511
9032
9900
4555
3366
7016
8662
6212
1625
9393
9005
797
8178
2327
8306
1103
7916
2854
4243
4188
8402
5712
2205
6014
1301
6479
8554
7733
4104
6491
7504
6541
9621
3898
9355
3477
3277
9706
3895
3716
6226
2062
3491
818
140
8470
8861
3316
5013
1931
7194
2540
4669
3044
9
9816
4235
1062
9402
7296
7831
6384
8730
8477
7399
126
5260
1837
5668
5991
3047
2071
8850
1354
7271
3751
5071
6468
7122
7686
6234
2121
4749
4870
8128
7365
8878
9910
9742
579
8283
6356
235
1738
9983
5938
5837
976
7309
9919
932
9374
5467
7917
8006
3701
2309
3801
3169
5792
7533
9068
9231
3009
1449
698
8651
6593
6152
7134
7429
6232
9624
3539
8531
2261
8920
8851
8744
2844
1927
5002
7692
6976
9086
68
2836
1872
3849
2608
6902
6544
6352
6873
4132
9363
995
6049
7691
8648
1155
132
5999
4727
6648
392
6959
664
8453
3049
6343
1557
2699
8162
5033
4037
993
798
1399
3333
3357
9284
6772
4510
4222
8868
6669
341
4230
4655
8466
4490
1681
206
7925
9280
7903
6065
110
854
8811
6222
9377
8184
9038
9200
7794
9029
7958
676
7159
6350
9404
8856
2872
5915
7138
7945
3105
6804
9080
2688
6907
4215
8601
9948
5040
316
7257
4604
9914
429
7171
4280
9570
6260
4151
6223
8126
7366
5556
8881
3038
3424
1151
3649
2586
6746
9510
4282
3884
6137
6538
7300
5151
9678
4769
4276
1430
3657
3094
3158
5608
2579
4114
9365
2270
5476
2572
8031
2462
3294
5833
9626
8323
6424
5329
3942
736
9310
1723
378
3484
9192
7222
9999
1014
1693
1995
1756
8953
6649
1759
2290
1502
4179
6653
9695
7401
1897
3377
4331
7173
8352
1634
3330
7280
7600
1223
7188
4393
6731
3143
3204
5978
4622
7370
8119
3186
3726
2487
5672
2018
9860
7473
4117
6656
5328
1679
7651
5828
9112
2868
3892
9047
7729
5015
3043
1805
2610
4841
3514
7391
4032
3713
7921
2960
580
7648
3196
4011
4674
2518
2457
5812
6321
8256
4376
7100
3455
5970
4306
3297
761
3398
263
464
6132
3807
5801
7858
3554
8901
5732
6215
438
4155
9497
6341
6747
7610
4788
1782
4996
565
1372
2199
3353
2161
6750
5691
9604
6627
8931
463
3193
9776
3694
2439
2180
424
2691
8428
1567
305
9739
6082
4739
8116
92
8418
2043
1509
5863
6618
6476
7536
9258
4469
5866
2451
892
933
1291
7413
275
252
7417
2577
4162
533
1453
420
7898
7977
6345
3360
1396
4401
5050
7263
9372
4271
9891
129
8655
5330
6925
2624
3050
7387
4539
5176
2877
2141
5159
1097
8956
2977
4720
9154
5427
1474
2176
3211
5369
7270
6863
4860
1307
1590
7006
3919
9503
799
4614
6071
2038
2116
8199
5009
9994
4909
4073
6372
3755
6846
7712
6827
1618
7699
4977
8295
9645
6787
101
1314
9175
5175
2251
7693
2370
936
7563
7154
5804
311
4051
2602
8134
6817
794
5810
3418
5102
9302
5565
2802
4568
384
7663
6994
1245
8714
857
730
4829
4256
5772
3413
8683
4898
2848
7956
5895
2106
2498
2467
8750
2939
4166
6517
6716
60
9647
547
5743
5263
4619
4553
3523
6958
7298
9537
2171
5582
4496
3447
2012
6053
712
4489
2532
1272
1040
6276
1348
3522
632
1680
5073
1046
1707
3825
381
8633
9356
5761
9287
8286
8249
5576
685
248
9300
6701
3119
4218
3435
9325
3804
7601
3532
556
6794
4576
249
3202
5836
8496
3437
4483
2769
9853
4833
148
5599
2350
4223
5629
4077
211
2961
5567
6651
8978
9136
2798
4491
6898
6965
9593
8040
9619
7042
1809
8973
9202
6206
4618
8591
513
6012
4208
328
8734
5006
8412
8697
1089
5503
1964
901
3358
1870
9744
1302
4760
7910
4895
9416
7722
3737
3732
4867
3789
9293
7806
9027
7928
1240
2975
4334
5155
851
5979
2946
4286
2191
6439
4298
2049
2369
77
2493
3698
439
1621
9771
5951
1571
2452
2163
2392
1615
153
6509
800
327
2526
3647
1139
3730
5450
1173
8885
5684
1347
5005
4954
9486
2886
7250
1911
7325
2694
7927
2063
8356
5227
8442
5385
770
2597
5212
2423
8463
8608
6540
5874
2747
8345
7208
1232
155
3427
4763
2086
2145
7079
714
6803
7030
3856
342
6807
4897
5004
4237
9065
6042
1047
8368
9485
8849
3827
4582
265
7577
3331
6921
6437
8176
3814
581
839
1455
3933
6940
8613
2635
5758
3126
9788
4552
1892
973
5368
2879
4556
5778
1488
8290
9968
1445
3347
4322
419
5183
7113
6802
7436
7872
5293
7717
5282
9574
8051
958
3230
8622
2413
9117
4265
6429
7530
4409
319
8423
9730
9523
3112
7721
8985
337
8454
3450
347
9780
8406
8436
4583
6378
5200
7642
764
9127
7567
913
8974
9724
3650
184
2297
9297
6154
7893
8583
6879
5047
4917
94
5016
3259
4021
8579
9941
4592
4558
326
1258
3037
3403
1148
5554
6600
9594
6119
7760
9335
4272
998
415
8379
8737
6714
929
7669
3472
8578
6748
8692
3393
7020
2704
1294
2845
6654
2983
8929
5782
937
227
9490
670
6566
2010
1116
1604
6963
2716
6311
8227
9186
3715
7659
1392
7901
9848
7037
4891
5692
5560
4815
1665
8598
1224
5441
2274
7198
5205
2958
4066
7637
6962
8024
9688
9278
4259
5526
5384
5838
4995
638
1335
29
6707
4642
4083
5001
81
9617
1222
7077
6346
4356
542
487
3160
4943
3700
7420
6975
6622
7647
4072
6380
6549
9707
7833
4264
8842
7593
2779
5716
2820
1632
6140
5334
4843
6906
4941
4445
810
5411
4431
9973
2013
5776
5137
7450
4534
3309
3417
8348
2665
219
6663
9884
6690
4884
5184
9555
74
9721
8560
4081
9248
645
3680
1035
8014
5035
6497
8400
3589
1636
9328
4838
6003
2296
2808
3278
7771
7957
1637
7009
3218
8756
8827
6527
2680
8719
1895
2866
6848
47
6113
8072
1768
1949
876
4840
568
4429
6942
6204
1822
6664
2477
558
6763
852
4006
90
7788
3538
1189
6202
5426
7312
6061
687
5500
4273
5481
8950
2732
8365
6578
9749
2206
5505
5722
1495
2401
2068
6845
447
5659
7087
5815
744
3311
3381
9798
8191
3640
4645
2692
9322
6156
8363
5061
8800
3459
3288
6944
7434
4905
4070
4759
7662
8731
5811
3951
496
473
7680
4747
1938
8480
7368
6024
1932
6289
963
3987
9925
3144
1825
1982
8732
7488
5479
3345
6180
8966
6233
585
7174
4024
6770
7835
3111
446
3533
1713
7328
7302
5445
1444
5650
3581
1583
1798
914
5976
2510
5174
4067
1861
2381
5626
4148
7215
5236
2607
571
9704
2647
5957
1923
4741
8366
9568
1682
8331
3397
4460
2858
5045
5878
8959
141
9341
563
9646
1483
6086
7923
203
3378
8200
5341
6932
7594
8498
9064
6536
4919
6419
6781
4585
4982
5621
7462
9111
7763
3079
7909
173
6217
5911
4734
753
128
8944
5484
3055
5115
1500
9536
7372
469
8716
2925
709
2330
9493
6645
911
8556
939
1701
7621
5832
6043
7658
5639
377
5693
5680
1851
8875
8443
7880
6331
236
7709
5760
5574
735
7453
7519
6655
5364
3934
1935
3953
2571
7886
3256
9745
4953
9352
8637
5410
3548
5000
8485
5902
6909
6256
9410
3930
8180
5737
2606
2412
2910
5520
8619
5607
3555
2889
9996
9661
6368
5268
3913
5605
3227
5860
3173
9090
894
5140
7613
7433
2135
9016
3123
96
4596
576
8505
5696
7237
5162
3188
531
787
5182
1059
5767
9738
4172
1150
3818
2696
9494
7515
6700
5127
4342
6516
6672
3198
251
9618
2618
6305
8908
7620
3989
2521
1184
1008
4730
6734
9285
1773
9019
3195
253
9442
953
3758
6398
2441
9519
7796
9955
2065
954
6078
5670
1283
5635
9173
6469
4587
218
9017
6410
788
1963
6169
4832
3368
3778
5421
120
150
4782
9012
4798
3569
6445
1160
8976
4337
7815
470
1808
195
7133
5398
4984
8857
5912
9870
6448
4879
6926
3644
9266
1084
6791
9842
9276
9461
8129
5389
2928
3040
8039
3444
7489
5955
6104
2741
6280
3241
9481
4557
8268
5021
2578
4359
9033
4317
1311
4108
8790
6736
8502
8179
3603
3410
9997
2036
6338
3867
4415
8918
16
7235
5506
4402
4565
5797
838
6329
9430
5835
2835
6084
4180
1652
7085
4900
3131
4254
1699
6777
8433
8195
9122
8464
7471
3724
334
8375
3392
1313
8607
215
412
9592
6240
6470
9443
5731
8650
317
2182
815
3389
3631
6302
7083
3001
3959
2862
3479
3364
6038
4106
4855
1022
6270
4793
9150
1201
4289
6150
3030
7184
7528
532
189
4239
7213
5630
9757
8417
6521
1345
5824
2695
518
5538
8563
6091
8720
8046
6500
2466
1616
8866
192
405
9179
3809
2917
7524
448
3296
1042
6157
4896
1339
8961
3223
3431
6851
2067
1482
5351
5119
3251
6267
4536
535
4846
207
3337
7041
4511
5359
9774
7955
8570
7522
3765
3629
2096
292
7149
9210
4559
778
7633
1363
3247
5378
5779
2913
4137
4245
4416
825
1402
1162
7405
3966
4044
6792
4125
9176
4906
5019
4095
8699
7560
8181
6737
5740
6162
7599
2078
6505
2317
6788
6315
1617
9211
8617
7345
9009
1251
8275
3033
8642
5026
1841
7117
6287
4233
874
2177
4191
6814
422
4129
1821
2404
8886
910
1530
5340
7067
2122
7202
3829
375
2674
8543
7470
2584
4866
6250
1921
1866
1469
9074
6874
6529
8540
9515
9818
3008
3736
8326
5739
9743
6920
5011
6263
4711
4216
6088
5802
182
1799
2731
8284
804
6100
4477
1248
7804
198
9464
80
7942
1011
4643
5446
1282
9791
6644
5889
6730
1721
7175
690
1280
8050
806
4864
3941
7254
7713
1456
4975
5082
2945
6531
6937
1244
4313
4054
5320
6139
2371
1041
4450
481
4663
6771
2655
8991
9698
3286
5701
1925
1742
3134
8355
509
389
5130
9308
641
7409
1031
1241
3313
562
9903
7803
7332
5287
5688
680
3191
7853
9499
4872
6382
1204
1677
4027
1820
5535
2174
8330
9003
4785
5568
8582
1561
4695
3053
6952
5020
7277
3994
5482
7268
7443
5683
2164
8727
8635
8218
1986
3525
3089
1290
7517
1111
4718
3866
3572
7358
945
8305
4647
3697
8322
8708
9028
2734
2974
7247
6354
7308
9254
3780
4503
6171
417
365
1029
4791
9062
4998
885
955
5891
7448
8511
4588
8341
2338
8834
1813
1117
6987
8838
2551
9964
5932
7677
8518
1231
1971
4498
283
9224
7902
1717
2343
5896
6625
3460
4301
5705
4712
5103
505
1607
5595
359
6759
7989
1007
4725
7500
7573
6324
5958
1715
6151
1122
3530
3887
4677
6753
220
4908
5533
2501
6568
6286
4939
7240
5624
3797
537
7144
8161
7094
8747
5718
3690
4462
524
3070
5995
1458
6901
727
2790
6515
4901
6677
264
2217
1118
4018
2133
4564
2494
4544
6239
5315
741
886
514
4682
2474
9524
8272
9876
3524
1537
8416
6451
3350
4671
7937
6842
1992
2720
9785
2440
7842
7349
7210
5483
2592
8136
6129
8830
8236
2353
8676
7844
2826
9874
9168
8482
550
8025
4192
7055
9967
1265
4517
2754
2807
2863
978
7267
3485
991
6949
1793
3020
9107
9456
519
9392
1068
3335
6689
9389
2083
2322
8071
4305
1855
9928
4349
2553
2048
7874
8967
4533
3141
2149
1477
7912
7229
6585
5950
5448
6135
1528
1168
1012
3597
303
2776
2022
2333
1135
8444
7608
8760
791
5348
2752
3017
557
9423
8843
6443
3996
5036
2166
8003
5408
3342
2475
5060
2860
1113
65
1507
6034
762
7454
5093
1664
4888
9840
8795
1351
6573
7107
607
7554
493
9804
4641
6556
1334
8386
6688
7494
2032
6934
9008
6279
2686
8516
2139
2105
9554
9802
8263
9101
5717
9304
7317
520
9339
4371
8964
6667
6891
8517
1452
9587
8471
1221
4453
5504
4598
8483
2305
9400
9187
7245
5865
8100
8018
4951
6054
4367
8522
6216
358
8066
2195
9100
8822
4959
2519
9275
5552
3651
8309
6386
5250
7922
5542
7544
1724
8768
3387
1136
8346
3764
7510
951
8713
5029
4765
321
254
5391
8055
7776
3537
2623
6935
7014
2590
675
441
7873
6674
3412
2726
266
827
8390
2745
9685
8467
8319
796
4575
2596
2527
8880
7310
5549
4803
234
9314
3281
9221
3149
8315
3938
9185
5229
8030
9061
4454
6318
2531
9883
6008
3674
7683
1499
3502
5769
9954
4777
8081
9563
3411
9872
2427
7403
8798
1061
6431
1891
8937
3215
4246
4309
763
1498
4244
3776
6613
7819
7547
9764
8461
2144
4945
7032
387
1714
349
4150
7476
4138
3457
3973
7618
386
4668
2962
7744
6208
3438
5981
8669
3298
8503
7501
1200
6430
5412
8076
5666
1346
280
2843
8785
9901
331
8108
7127
525
3990
2615
7061
5475
5207
7826
1067
5473
1092
6190
9600
258
5146
6931
1021
6702
9722
8840
587
2419
7598
4388
4343
7427
9660
3035
2302
4546
9480
8755
6591
4607
3237
3235
3478
4480
3018
4673
2461
9139
250
8821
1144
75
5844
5657
4394
2587
7414
8610
5170
6938
3042
681
3769
7498
7119
391
454
7702
7292
1323
4605
2244
6300
5768
5928
9578
9562
8456
5620
1121
6094
3638
3114
1666
2173
1748
7861
413
1013
9622
5897
4389
1292
3179
650
9196
3086
3314
3212
8667
5823
8581
3064
3372
767
3328
1827
3978
6103
5433
2465
3585
3275
6493
380
3710
114
6882
1074
590
9079
6291
6553
611
4709
5399
5592
8166
9787
2279
5277
2286
2295
8933
7634
6508
7376
3246
8571
3261
2349
7193
6720
7585
475
835
8
6903
1563
643
1712
8391
5623
5530
7845
3682
5326
646
6643
9360
6614
4190
1377
3039
3232
2954
4441
3301
3610
1947
4375
1830
5488
6715
6134
7147
171
2081
1262
1544
4960
2400
2559
1370
5337
8545
5259
6757
2434
1436
8495
1941
5098
4257
145
8509
4530
6928
9712
1741
2386
4978
9346
4136
2019
7069
7126
1048
2455
450
5141
3988
2594
9947
3795
6796
2856
5925
111
3095
4715
6856
8308
3104
6102
6422
8924
2764
7802
8628
7638
5322
6089
3868
3462
8791
9223
5435
7314
5477
1785
103
3754
861
4554
4743
8387
4152
7050
7964
7283
2289
2379
5946
5627
5868
3890
8715
9605
9359
2668
8954
1156
6229
1315
9732
8763
1077
6077
943
4875
230
8251
2495
9069
435
2828
2306
1906
5813
5888
1696
1800
9004
4965
8997
5149
4948
4969
9571
9784
4199
5695
5660
8007
919
539
6608
3176
6489
625
4364
5875
8893
7058
2325
1342
7551
959
659
5511
3735
2989
5382
5100
722
9923
1702
2899
4504
6299
9438
5456
2005
9859
1979
2560
9641
79
82
1098
8367
